10 6 -2
13 2 0
9 5 0
0 1 1
1 -1 1
1 0 1
1 -1 1
7 4 0
1 0 1
0 1 0
7 4 0
1 0 0
7 4 0
1 1 0
2 1 0
7 1 0
12 2 0
9 4 0
8 2 0
11 2 0
10 3 0
9 3 0
9 3 0
2 0 0
4 0 0
8 1 0
8 1 0
4 0 0
8 1 0
0 -1 1
5 3 -1
17 4 -1
15 4 -1
15 4 -1
19 2 0
0 1 0
2 1 0
2 1 0
14 2 0
14 1 0
5 3 -1
0 1 0
2 1 0
5 1 0
10 1 0
2 0 0
5 3 -1
19 1 0
15 1 0
9 0 0
18 3 -1
12 3 -1
12 3 -1
35 0 0
14 3 -1
12 3 -1
12 3 -1
9 0 0
36 0 -1
9 0 -2
35 0 -2
14 5 -2
15 1 -2
10 1 -2
18 3 -2
16 4 -2
15 3 -2
15 2 -2
16 2 -2
17 3 -2
17 4 -2
10 5 -2
11 3 -2
10 2 -2
12 4 -2
14 5 -2
7 5 -2
0 0 -2
8 0 -2
7 4 -2
6 4 -2
3 2 -2
5 3 -2
2 1 -2
3 1 -2
6 3 -2
6 3 -2
4 2 -2
8 0 -2
12 4 -2
8 4 -2
7 5 -2
9 5 -2
9 0 -1
35 0 -1
18 3 -1
12 3 -1
35 0 0
34 0 -1
32 0 -1
32 0 -1
0 -1 1
1 -1 1
36 0 -1
36 0 -1
1 -1 1
30 -6 0
27 -3 -3
2 0 -3
3 -1 -3
26 -3 -3
4 -1 -3
22 -3 -3
26 -3 -3
35 0 -3
33 -4 -1
27 -4 -2
22 -4 -2
3 -1 -3
26 -3 -3
23 -1 -3
4 -1 -3
21 -2 -3
23 -2 -3
24 -2 -3
24 -2 -3
22 0 -3
28 -4 -1
33 -2 -2
33 -2 -2
30 -2 -2
34 -1 -2
22 -4 -1
24 -2 -2
27 -4 -1
24 -2 -2
35 -1 -2
19 -2 -2
21 -2 -2
35 -1 -2
23 -1 -2
34 -3 -1
0 -1 -2
34 -3 -1
34 -3 -1
22 0 -3
34 -1 -2
23 -1 -2
33 -1 0
22 -1 0
21 -4 0
1 -1 0
25 -5 0
28 -5 0
23 -2 0
22 -2 0
22 -4 0
26 -4 0
23 -3 0
26 -5 0
32 -2 0
26 -4 0
27 -4 0
24 -2 0
30 -5 0
28 -4 0
31 -4 0
25 -5 0
24 -2 -1
0 -2 -1
32 -1 -1
31 -1 -1
31 -1 -1
35 -1 -1
33 -4 0
0 -2 -1
23 -2 -1
33 -4 0
32 -2 0
29 -4 0
32 -4 0
31 -3 0
34 -1 0
29 -3 -1
25 -3 -1
34 -3 -1
26 -5 0
29 -3 -1
34 -3 -1
25 -3 -1
32 -5 0
34 -3 -1
33 -3 -1
33 -3 -1
34 -3 -1
25 -5 0
24 -2 -2
35 -1 -2
35 -1 -2
34 -3 -1
19 -2 -2
21 -2 -2
19 -2 -2
23 -4 -1
24 -2 -2
20 -2 -2
24 -2 -2
27 -4 -1
2 0 -3
0 -1 0
36 0 -2
10 6 -2
13 2 0
9 5 0
0 1 1
1 -1 1
1 0 1
1 -1 1
7 4 0
1 0 1
0 1 0
7 4 0
1 0 0
7 4 0
1 1 0
2 1 0
7 1 0
12 2 0
9 4 0
8 2 0
11 2 0
10 3 0
9 3 0
9 3 0
2 0 0
4 0 0
8 1 0
8 1 0
4 0 0
8 1 0
0 -1 1
5 3 -1
17 4 -1
15 4 -1
15 4 -1
19 2 0
0 1 0
2 1 0
2 1 0
14 2 0
14 1 0
5 3 -1
0 1 0
2 1 0
5 1 0
10 1 0
2 0 0
5 3 -1
19 1 0
15 1 0
9 0 0
18 3 -1
12 3 -1
12 3 -1
35 0 0
14 3 -1
12 3 -1
12 3 -1
9 0 0
36 0 -1
9 0 -2
35 0 -2
14 5 -2
15 1 -2
10 1 -2
18 3 -2
16 4 -2
15 3 -2
15 2 -2
16 2 -2
17 3 -2
17 4 -2
10 5 -2
11 3 -2
10 2 -2
12 4 -2
14 5 -2
7 5 -2
0 0 -2
8 0 -2
7 4 -2
6 4 -2
3 2 -2
5 3 -2
2 1 -2
3 1 -2
6 3 -2
6 3 -2
4 2 -2
8 0 -2
12 4 -2
8 4 -2
7 5 -2
9 5 -2
9 0 -1
35 0 -1
18 3 -1
12 3 -1
35 0 0
34 0 -1
32 0 -1
32 0 -1
0 -1 1
1 -1 1
36 0 -1
36 0 -1
1 -1 1
30 -6 0
27 -3 -3
2 0 -3
3 -1 -3
26 -3 -3
4 -1 -3
22 -3 -3
26 -3 -3
35 0 -3
33 -4 -1
27 -4 -2
22 -4 -2
3 -1 -3
26 -3 -3
23 -1 -3
4 -1 -3
21 -2 -3
23 -2 -3
24 -2 -3
24 -2 -3
22 0 -3
28 -4 -1
33 -2 -2
33 -2 -2
30 -2 -2
34 -1 -2
22 -4 -1
24 -2 -2
27 -4 -1
24 -2 -2
35 -1 -2
19 -2 -2
21 -2 -2
35 -1 -2
23 -1 -2
34 -3 -1
0 -1 -2
34 -3 -1
34 -3 -1
22 0 -3
34 -1 -2
23 -1 -2
33 -1 0
22 -1 0
21 -4 0
1 -1 0
25 -5 0
28 -5 0
23 -2 0
22 -2 0
22 -4 0
26 -4 0
23 -3 0
26 -5 0
32 -2 0
26 -4 0
27 -4 0
24 -2 0
30 -5 0
28 -4 0
31 -4 0
25 -5 0
24 -2 -1
0 -2 -1
32 -1 -1
31 -1 -1
31 -1 -1
35 -1 -1
33 -4 0
0 -2 -1
23 -2 -1
33 -4 0
32 -2 0
29 -4 0
32 -4 0
31 -3 0
34 -1 0
29 -3 -1
25 -3 -1
34 -3 -1
26 -5 0
29 -3 -1
34 -3 -1
25 -3 -1
32 -5 0
34 -3 -1
33 -3 -1
33 -3 -1
34 -3 -1
25 -5 0
24 -2 -2
35 -1 -2
35 -1 -2
34 -3 -1
19 -2 -2
21 -2 -2
19 -2 -2
23 -4 -1
24 -2 -2
20 -2 -2
24 -2 -2
27 -4 -1
2 0 -3
10 6 -2